6763648925
6763630457
6763640492
6763546365
6763333116
6763682920
6763458491
6763224096
6763220594
6763216324
6763178421
6763149797
6763075416
6763046500
6763027352
6763712115
6763703379
6763702471
6763702274
6763695521
6763682221
6763668468
6763668018
6763658033
6763650394
6763715860
6763719252
6763719447
6763721080
6763724220
6763724773
6763725651
6777673086
6777675567
6558844068
6482156300
6777679606
6777646218
6777684700
6777678565
6750358940
6749529099
6777696468
6777687186
6774323364
6773034812
6776973137
6774545998
6777714484
6777600126
6777621877
6777560307
6777677951
6777662980
6777460638
6776906075
6777720957
6777681557
6777638649
6777640886
6767238204
6758889247
6735273785
6613957034
6777680135
